Parameters:
Swapping: True
Randomization: True
Time per round: 30
Hard mode: False
Number of clicks: 15
Gradual cell filling: False
Mar_27_22-12_44_39 | 6666INFOp16666
Mar_27_22-12_44_44 | 6666INFOp26666
Mar_27_22-12_44_51 | 6666SURVEYCOMPLETED@p1@Native language: none given, Main area of study: none given@6666
Mar_27_22-12_44_52 | 6666SURVEYCOMPLETED@p2@Native language: none given, Main area of study: none given@6666
Mar_27_22-12_44_53 | 6666INSTRUCTIONSREAD@p2@6666
Mar_27_22-12_44_54 | 6666INSTRUCTIONSREAD@p1@6666
Mar_27_22-12_44_54 | 6666image-1a.png|||image-1b.png6666
Mar_27_22-12_44_54 | 6666PICimage-1a.png@p1@6666
Mar_27_22-12_44_56 | 6666COORD[0, 0, 0, 0, 0, 0, 0, 0, 0, 0, 0, 0, 0, 0, 0, 0, 0, 0, 0, 0, 0, 0, 0, 0, 0, 0, 0, 0, 0, 0, 0, 0, 0, 0, 0, 0, 0, 0, 0, 0, 0, 0, 0, 0, 0, 0, 0, 0, 0, 0, 0, 0, 0, 0, 0, 0, 0, 0, 0, 0, 0, 0, 0, 0, 0, 0, 0, 0, 0, 0, 0, 0, 0, 0, 0, 0, 0, 0, 0, 0, 0, 0, 0, 0, 0, 0, 0, 0, 1, 0, 0, 0, 0, 0, 0, 0, 0, 0, 0, 0, 0, 0, 0, 0, 0, 0, 0, 0, 0, 0, 0, 0, 0, 0, 0, 1, 0, 0, 0, 0, 0, 0, 0, 0, 0, 0, 0, 0, 0, 0, 0, 0, 0, 0, 0, 0, 0, 0, 0, 0, 0, 0, 0, 0]@p1@Novel@6666
Mar_27_22-12_45_08 | 6666GUESSDaisy@p2@Novel@6666
Mar_27_22-12_45_15 | 6666NEXTROUND6666
Mar_27_22-12_45_15 | 6666image-1b.png|||image-1c.png6666
Mar_27_22-12_45_15 | 6666PICimage-1b.png@p2@6666
Mar_27_22-12_45_18 | 6666COORD[0, 0, 0, 0, 0, 0, 0, 0, 0, 0, 0, 0, 0, 0, 0, 0, 0, 0, 0, 0, 0, 0, 0, 0, 0, 0, 0, 0, 0, 0, 0, 0, 0, 0, 0, 0, 0, 0, 0, 0, 0, 0, 0, 0, 0, 0, 0, 0, 0, 0, 0, 0, 0, 0, 0, 0, 0, 0, 0, 0, 0, 0, 0, 0, 0, 0, 0, 0, 0, 0, 0, 0, 0, 0, 0, 0, 0, 0, 0, 0, 0, 0, 0, 0, 0, 1, 0, 0, 0, 0, 0, 0, 0, 0, 0, 0, 0, 0, 0, 1, 0, 0, 0, 0, 0, 0, 0, 0, 0, 0, 0, 0, 0, 0, 0, 0, 0, 0, 0, 0, 0, 0, 0, 0, 0, 0, 0, 0, 0, 0, 0, 0, 0, 0, 0, 0, 0, 0, 0, 0, 0, 0, 0, 0]@p2@Dessert@6666
