Parameters:
Swapping: True
Randomization: True
Time per round: 30
Hard mode: False
Number of clicks: 15
Gradual cell filling: False
Apr_01_22-16_02_15 | 6666INFOp16666
Apr_01_22-16_02_20 | 6666INFOp26666
Apr_01_22-16_02_28 | 6666SURVEYCOMPLETED@p1@Native language: none given, Main area of study: none given@6666
Apr_01_22-16_02_29 | 6666SURVEYCOMPLETED@p2@Native language: none given, Main area of study: none given@6666
Apr_01_22-16_02_30 | 6666INSTRUCTIONSREAD@p2@6666
Apr_01_22-16_02_30 | 6666INSTRUCTIONSREAD@p1@6666
Apr_01_22-16_02_30 | 6666image-1b.png|||image-1a.png6666
Apr_01_22-16_02_30 | 6666PICimage-1b.png@p1@6666
Apr_01_22-16_02_33 | 6666COORD[0, 0, 0, 0, 0, 0, 0, 0, 0, 0, 0, 0, 0, 0, 0, 0, 0, 0, 0, 0, 0, 0, 0, 0, 0, 0, 0, 0, 0, 0, 0, 0, 0, 0, 0, 0, 0, 0, 0, 0, 0, 0, 0, 0, 0, 0, 0, 0, 0, 0, 0, 0, 0, 0, 0, 0, 0, 0, 0, 0, 0, 0, 0, 0, 0, 0, 0, 0, 0, 0, 0, 0, 0, 0, 0, 0, 0, 0, 0, 0, 0, 0, 0, 0, 0, 0, 0, 0, 0, 0, 0, 0, 0, 0, 0, 0, 0, 0, 0, 0, 0, 0, 1, 0, 0, 1, 0, 0, 0, 0, 0, 0, 0, 0, 0, 0, 0, 0, 0, 0, 0, 0, 0, 0, 0, 0, 0, 0, 0, 0, 0, 0, 0, 0, 0, 0, 0, 0, 0, 0, 0, 0, 0, 0]@p1@Book@6666
Apr_01_22-16_02_43 | 6666GUESSIce cream@p2@Book@6666
Apr_01_22-16_02_44 | 6666NEXTROUND6666
Apr_01_22-16_02_44 | 6666image-1b.png|||image-1c.png6666
Apr_01_22-16_02_44 | 6666PICimage-1b.png@p2@6666
Apr_01_22-16_04_09 | 6666COORD[0, 0, 0, 0, 0, 0, 0, 0, 0, 0, 0, 0, 0, 0, 0, 0, 0, 0, 0, 0, 0, 0, 0, 0, 0, 0, 0, 0, 0, 0, 0, 0, 0, 0, 0, 0, 0, 0, 0, 0, 0, 0, 0, 0, 0, 0, 0, 0, 0, 0, 0, 0, 0, 0, 0, 0, 0, 0, 0, 0, 0, 0, 0, 0, 0, 0, 0, 0, 0, 0, 0, 0, 0, 0, 0, 0, 0, 0, 0, 0, 0, 0, 0, 0, 0, 0, 0, 0, 0, 0, 0, 0, 0, 0, 0, 0, 0, 0, 0, 0, 0, 0, 0, 0, 0, 0, 0, 0, 0, 0, 0, 0, 0, 0, 0, 0, 0, 0, 0, 0, 0, 0, 1, 0, 1, 0, 0, 0, 0, 0, 0, 0, 0, 0, 0, 0, 0, 0, 0, 0, 0, 0, 0, 0]@p2@Pet@6666
Apr_01_22-16_04_13 | 6666GUESSDog@p1@Pet@6666
Apr_01_22-16_04_14 | 6666NEXTROUND6666
Apr_01_22-16_04_14 | 6666image-1c.png|||image-1a.png6666
Apr_01_22-16_04_14 | 6666PICimage-1c.png@p1@6666
Apr_01_22-16_04_17 | 6666COORD[0, 0, 0, 0, 0, 0, 0, 0, 0, 0, 0, 0, 0, 0, 0, 0, 0, 0, 0, 0, 0, 0, 0, 0, 0, 0, 0, 0, 0, 0, 0, 0, 0, 0, 0, 0, 0, 0, 0, 0, 0, 0, 0, 0, 0, 0, 0, 0, 0, 0, 0, 0, 0, 0, 0, 0, 0, 0, 0, 0, 0, 0, 0, 0, 0, 0, 0, 0, 0, 0, 0, 0, 0, 0, 0, 0, 0, 0, 0, 1, 0, 0, 0, 0, 0, 0, 0, 0, 0, 0, 0, 0, 0, 0, 0, 0, 0, 0, 0, 0, 0, 0, 0, 0, 0, 0, 0, 0, 0, 0, 0, 0, 1, 0, 0, 0, 0, 0, 0, 0, 0, 0, 0, 0, 0, 0, 1, 0, 0, 0, 0, 0, 0, 0, 0, 0, 0, 0, 0, 0, 0, 0, 0, 0]@p1@Ice cream@6666
Apr_01_22-16_04_29 | 6666GUESSIce cream@p2@Ice cream@6666
Apr_01_22-16_04_30 | 6666NEXTROUND6666
Apr_01_22-16_04_30 | 6666image-8a.png|||image-7a.png6666
Apr_01_22-16_04_30 | 6666PICimage-8a.png@p2@6666
Apr_01_22-16_04_32 | 6666COORD[0, 0, 0, 0, 0, 0, 0, 0, 0, 0, 0, 0, 0, 0, 0, 0, 0, 0, 0, 0, 0, 0, 0, 0, 0, 0, 0, 0, 0, 0, 0, 0, 0, 0, 0, 0, 0, 0, 0, 0, 0, 0, 0, 0, 0, 0, 0, 0, 0, 0, 0, 0, 0, 0, 0, 0, 0, 0, 0, 0, 0, 0, 0, 0, 0, 0, 0, 0, 0, 0, 0, 0, 0, 0, 0, 1, 0, 0, 0, 0, 0, 0, 0, 0, 0, 0, 0, 0, 0, 0, 0, 0, 0, 0, 0, 0, 0, 0, 0, 0, 0, 0, 0, 0, 0, 0, 0, 0, 0, 0, 1, 0, 0, 0, 0, 0, 0, 0, 0, 0, 0, 0, 0, 0, 0, 0, 0, 0, 0, 0, 0, 0, 0, 0, 0, 0, 0, 0, 0, 0, 0, 0, 0, 0]@p2@Dog@6666
Apr_01_22-16_04_34 | 6666GUESSFlower@p1@Dog@6666
Apr_01_22-16_04_36 | 6666NEXTROUND6666
Apr_01_22-16_04_36 | 6666image-7b.png|||image-8b.png6666
Apr_01_22-16_04_36 | 6666PICimage-7b.png@p1@6666
Apr_01_22-16_04_37 | 6666COORD[0, 0, 0, 0, 0, 0, 0, 0, 0, 0, 0, 0, 0, 0, 0, 0, 0, 0, 0, 0, 0, 0, 0, 0, 0, 0, 0, 0, 0, 0, 0, 0, 0, 0, 0, 0, 0, 0, 0, 0, 0, 0, 0, 0, 0, 0, 0, 0, 0, 0, 0, 0, 0, 0, 0, 0, 0, 0, 0, 0, 0, 0, 0, 0, 0, 0, 0, 0, 0, 0, 0, 0, 0, 0, 0, 0, 0, 0, 0, 0, 0, 0, 0, 0, 0, 0, 0, 0, 0, 0, 0, 0, 0, 0, 0, 0, 0, 0, 0, 0, 0, 0, 0, 0, 0, 0, 0, 0, 0, 0, 0, 0, 0, 0, 0, 0, 0, 0, 0, 0, 0, 0, 0, 0, 0, 0, 0, 0, 0, 0, 0, 0, 0, 0, 0, 0, 0, 1, 0, 0, 0, 0, 0, 0]@p1@Fruit@6666
Apr_01_22-16_04_41 | 6666GUESSFlower@p2@Fruit@6666
Apr_01_22-16_04_43 | 6666NEXTROUND6666
Apr_01_22-16_04_43 | 6666image-7c.png|||image-8c.png6666
Apr_01_22-16_04_43 | 6666PICimage-7c.png@p2@6666
