Parameters:
Swapping: True
Randomization: True
Time per round: 30
Hard mode: False
Number of clicks: 15
Gradual cell filling: False
Mar_27_22-12_50_42 | 6666INFOp16666
Mar_27_22-12_50_48 | 6666INFOp26666
Mar_27_22-12_50_52 | 6666SURVEYCOMPLETED@p1@Native language: none given, Main area of study: none given@6666
Mar_27_22-12_50_53 | 6666SURVEYCOMPLETED@p2@Native language: none given, Main area of study: none given@6666
Mar_27_22-12_50_54 | 6666INSTRUCTIONSREAD@p2@6666
Mar_27_22-12_50_54 | 6666INSTRUCTIONSREAD@p1@6666
Mar_27_22-12_50_54 | 6666image-1a.png|||image-1b.png6666
Mar_27_22-12_50_54 | 6666PICimage-1a.png@p1@6666
Mar_27_22-12_50_56 | 6666COORD[0, 0, 0, 0, 0, 0, 0, 0, 0, 0, 0, 0, 0, 0, 0, 0, 0, 0, 0, 0, 0, 0, 0, 0, 0, 0, 0, 0, 0, 0, 0, 0, 0, 0, 0, 0, 0, 0, 0, 0, 0, 0, 0, 0, 0, 0, 0, 0, 0, 0, 0, 0, 0, 0, 0, 0, 0, 0, 0, 0, 0, 0, 0, 0, 0, 0, 0, 0, 0, 0, 0, 0, 0, 0, 0, 0, 0, 0, 0, 0, 0, 0, 0, 0, 0, 0, 0, 1, 0, 0, 0, 1, 0, 0, 0, 0, 0, 0, 0, 0, 0, 0, 0, 0, 0, 0, 0, 0, 0, 0, 0, 0, 0, 0, 0, 0, 0, 0, 0, 0, 0, 0, 0, 0, 0, 0, 0, 0, 0, 0, 0, 0, 0, 0, 0, 0, 0, 0, 0, 0, 0, 0, 0, 0]@p1@Pet@6666
Mar_27_22-12_50_58 | 6666GUESSPet@p2@Pet@6666
Mar_27_22-12_50_59 | 6666NEXTROUND6666
Mar_27_22-12_50_59 | 6666image-1b.png|||image-1c.png6666
Mar_27_22-12_50_59 | 6666PICimage-1b.png@p2@6666
Mar_27_22-12_51_01 | 6666COORD[0, 0, 0, 0, 0, 0, 0, 0, 0, 0, 0, 0, 0, 0, 0, 0, 0, 0, 0, 0, 0, 0, 0, 0, 0, 0, 0, 0, 0, 0, 0, 0, 0, 0, 0, 0, 0, 0, 0, 0, 0, 0, 0, 0, 0, 0, 0, 0, 0, 0, 0, 0, 0, 0, 0, 0, 0, 0, 0, 0, 0, 0, 0, 0, 0, 0, 0, 0, 0, 0, 0, 0, 0, 1, 0, 0, 0, 0, 0, 0, 0, 0, 0, 0, 0, 0, 0, 0, 0, 0, 0, 0, 0, 0, 0, 0, 0, 0, 0, 0, 0, 1, 0, 0, 0, 0, 0, 0, 0, 0, 0, 0, 0, 0, 0, 0, 0, 0, 0, 0, 0, 0, 0, 0, 0, 0, 0, 0, 0, 0, 0, 0, 0, 0, 0, 0, 0, 0, 0, 0, 0, 0, 0, 0]@p2@Novel@6666
Mar_27_22-12_51_02 | 6666GUESSNovel@p1@Novel@6666
Mar_27_22-12_51_03 | 6666NEXTROUND6666
Mar_27_22-12_51_03 | 6666image-1a.png|||image-1c.png6666
Mar_27_22-12_51_03 | 6666PICimage-1a.png@p1@6666
Mar_27_22-12_51_06 | 6666COORD[0, 0, 0, 0, 0, 0, 0, 0, 0, 0, 0, 0, 0, 0, 0, 0, 0, 0, 0, 0, 0, 0, 0, 0, 0, 0, 0, 0, 0, 0, 0, 0, 0, 0, 0, 0, 0, 0, 0, 0, 0, 0, 0, 0, 0, 0, 0, 0, 0, 0, 0, 0, 0, 0, 0, 0, 0, 0, 0, 0, 0, 0, 0, 0, 0, 0, 0, 0, 0, 0, 0, 0, 0, 0, 0, 0, 0, 0, 1, 0, 0, 0, 0, 0, 0, 0, 0, 0, 0, 0, 0, 0, 0, 0, 0, 0, 0, 0, 0, 0, 0, 0, 1, 1, 0, 0, 0, 0, 0, 0, 0, 0, 0, 0, 0, 0, 0, 0, 0, 0, 0, 0, 0, 0, 0, 0, 0, 0, 0, 0, 0, 0, 0, 0, 0, 0, 0, 0, 0, 0, 0, 0, 0, 0]@p1@Novel@6666
Mar_27_22-12_51_10 | 6666GUESSApple@p2@Novel@6666
Mar_27_22-12_51_12 | 6666NEXTROUND6666
Mar_27_22-12_51_12 | 6666image-8a.png|||image-7a.png6666
Mar_27_22-12_51_12 | 6666PICimage-8a.png@p2@6666
Mar_27_22-12_51_14 | 6666COORD[0, 0, 0, 0, 0, 0, 0, 0, 0, 0, 0, 0, 0, 0, 0, 0, 0, 0, 0, 0, 0, 0, 0, 0, 0, 0, 0, 0, 0, 0, 0, 0, 0, 0, 0, 0, 0, 0, 0, 0, 0, 0, 0, 0, 0, 0, 0, 0, 0, 0, 0, 0, 0, 0, 0, 0, 0, 0, 0, 0, 0, 0, 0, 0, 0, 0, 0, 0, 0, 0, 0, 0, 0, 0, 0, 0, 0, 0, 0, 0, 0, 0, 0, 0, 0, 0, 0, 0, 0, 0, 0, 0, 0, 0, 0, 0, 0, 0, 1, 0, 0, 0, 0, 0, 0, 0, 0, 0, 0, 0, 0, 0, 0, 1, 0, 0, 0, 0, 0, 0, 0, 0, 0, 0, 0, 0, 0, 0, 0, 0, 0, 0, 0, 0, 0, 0, 0, 0, 0, 0, 0, 0, 0, 0]@p2@Apple@6666
