Parameters:
Swapping: True
Randomization: True
Time per round: 30
Hard mode: False
Number of clicks: 15
Gradual cell filling: False
Feb_06_22-17_33_44 | 6666INFOplayer16666
Feb_06_22-17_33_51 | 6666INFOplayer26666
Feb_06_22-17_33_55 | 6666SURVEYCOMPLETED@player1@Native language: none given, Main area of study: none given@6666
Feb_06_22-17_33_55 | 6666SURVEYCOMPLETED@player2@Native language: none given, Main area of study: none given@6666
Feb_06_22-17_33_56 | 6666INSTRUCTIONSREAD@player2@6666
Feb_06_22-17_33_57 | 6666INSTRUCTIONSREAD@player1@6666
Feb_06_22-17_33_57 | 6666image-1a.png|||image-1b.png6666
Feb_06_22-17_33_57 | 6666PICimage-1a.png@player1@6666
Feb_06_22-17_33_59 | 6666COORD[0, 0, 0, 0, 0, 0, 0, 0, 0, 0, 0, 0, 0, 0, 0, 0, 0, 0, 0, 0, 0, 0, 0, 0, 0, 0, 0, 0, 0, 0, 0, 0, 0, 0, 0, 0, 0, 0, 0, 0, 0, 0, 0, 0, 0, 0, 0, 0, 0, 0, 0, 0, 0, 0, 0, 0, 0, 0, 0, 0, 0, 0, 0, 0, 0, 0, 0, 0, 0, 0, 0, 0, 0, 0, 0, 0, 0, 0, 0, 1, 0, 0, 0, 0, 0, 0, 0, 0, 0, 0, 0, 0, 0, 0, 0, 0, 0, 0, 0, 0, 0, 0, 0, 0, 0, 0, 0, 0, 0, 0, 0, 0, 0, 0, 0, 0, 0, 0, 0, 0, 0, 0, 0, 0, 0, 0, 0, 0, 0, 0, 0, 0, 0, 0, 0, 0, 0, 0, 0, 0, 0, 0, 0, 0]@player1@Apple@6666
Feb_06_22-17_34_00 | 6666GUESSimage-1b.png@player2@6666
Feb_06_22-17_34_27 | 6666NEXTROUND6666
Feb_06_22-17_34_27 | 6666image-1b.png|||image-1c.png6666
Feb_06_22-17_34_27 | 6666PICimage-1b.png@player2@6666
Feb_06_22-17_34_29 | 6666COORD[0, 0, 0, 0, 0, 0, 0, 0, 0, 0, 0, 0, 0, 0, 0, 0, 0, 0, 0, 0, 0, 0, 0, 0, 0, 0, 0, 0, 0, 0, 0, 0, 0, 0, 0, 0, 0, 0, 0, 0, 0, 0, 0, 0, 0, 0, 0, 0, 0, 0, 0, 0, 0, 0, 0, 0, 0, 0, 0, 0, 0, 0, 0, 0, 0, 0, 0, 0, 0, 0, 0, 0, 0, 0, 0, 1, 0, 0, 0, 0, 0, 0, 0, 0, 0, 0, 0, 0, 0, 0, 0, 0, 0, 0, 0, 0, 0, 0, 0, 0, 0, 0, 0, 0, 0, 0, 0, 0, 0, 0, 0, 0, 0, 0, 0, 0, 0, 0, 0, 0, 0, 0, 0, 0, 0, 0, 0, 0, 0, 0, 0, 0, 0, 0, 0, 1, 0, 0, 0, 0, 0, 0, 0, 0]@player2@Dessert@6666
Feb_06_22-17_34_31 | 6666GUESSimage-1c.png@player1@6666
Feb_06_22-17_34_32 | 6666NEXTROUND6666
Feb_06_22-17_34_32 | 6666image-1a.png|||image-1c.png6666
Feb_06_22-17_34_32 | 6666PICimage-1a.png@player1@6666
Feb_06_22-17_34_33 | 6666COORD[0, 0, 0, 0, 0, 0, 0, 0, 0, 0, 0, 0, 0, 0, 0, 0, 0, 0, 0, 0, 0, 0, 0, 0, 0, 0, 0, 0, 0, 0, 0, 0, 0, 0, 0, 0, 0, 0, 0, 0, 0, 0, 0, 0, 0, 0, 0, 0, 0, 0, 0, 0, 0, 0, 0, 0, 0, 0, 0, 0, 0, 0, 0, 0, 0, 0, 0, 0, 0, 0, 0, 0, 0, 0, 0, 0, 0, 0, 0, 0, 0, 0, 0, 0, 0, 0, 0, 0, 0, 0, 0, 0, 0, 0, 0, 0, 0, 0, 0, 0, 0, 0, 0, 0, 0, 0, 0, 0, 0, 0, 0, 0, 0, 0, 0, 0, 0, 0, 0, 0, 0, 0, 0, 0, 0, 0, 0, 0, 0, 0, 0, 0, 0, 0, 0, 0, 0, 0, 0, 0, 0, 0, 0, 0]@player1@Dog@6666
Feb_06_22-17_34_34 | 6666GUESS@player2@6666
Feb_06_22-17_34_35 | 6666NEXTROUND6666
Feb_06_22-17_34_35 | 6666image-8a.png|||image-7a.png6666
Feb_06_22-17_34_35 | 6666PICimage-8a.png@player2@6666
Feb_06_22-17_34_37 | 6666COORD[0, 0, 0, 0, 0, 0, 0, 0, 0, 0, 0, 0, 0, 0, 0, 0, 0, 0, 0, 0, 0, 0, 0, 0, 0, 0, 0, 0, 0, 0, 0, 0, 0, 0, 0, 0, 0, 0, 0, 0, 0, 0, 0, 0, 0, 0, 0, 0, 0, 0, 0, 0, 0, 0, 0, 0, 0, 0, 0, 0, 0, 0, 0, 0, 0, 0, 0, 0, 0, 0, 0, 0, 0, 0, 0, 0, 0, 0, 0, 0, 0, 0, 0, 0, 0, 0, 0, 0, 0, 0, 0, 0, 0, 0, 0, 0, 0, 0, 0, 0, 0, 0, 0, 0, 0, 0, 0, 0, 0, 0, 0, 0, 0, 0, 0, 0, 0, 0, 0, 0, 1, 0, 0, 0, 0, 0, 0, 0, 0, 0, 0, 0, 0, 1, 0, 0, 0, 0, 0, 0, 0, 0, 0, 0]@player2@Ice cream@6666
Feb_06_22-17_34_40 | 6666GUESSimage-8a.png@player1@6666
Feb_06_22-17_34_41 | 6666NEXTROUND6666
Feb_06_22-17_34_41 | 6666image-8b.png|||image-7b.png6666
Feb_06_22-17_34_41 | 6666PICimage-8b.png@player1@6666
Feb_06_22-17_34_42 | 6666COORD[0, 0, 0, 0, 0, 0, 0, 0, 0, 0, 0, 0, 0, 0, 0, 0, 0, 0, 0, 0, 0, 0, 0, 0, 0, 0, 0, 0, 0, 0, 0, 0, 0, 0, 0, 0, 0, 0, 0, 0, 0, 0, 0, 0, 0, 0, 0, 0, 0, 0, 0, 0, 0, 0, 0, 0, 0, 0, 0, 0, 0, 0, 0, 0, 0, 0, 0, 0, 0, 0, 0, 0, 0, 0, 0, 0, 0, 0, 0, 0, 0, 0, 0, 0, 0, 0, 0, 0, 0, 0, 0, 1, 0, 0, 0, 0, 0, 0, 0, 0, 0, 0, 0, 0, 0, 0, 0, 0, 0, 0, 0, 0, 0, 0, 1, 0, 0, 0, 0, 0, 0, 0, 0, 0, 0, 0, 0, 0, 0, 0, 0, 0, 0, 0, 0, 0, 0, 0, 0, 0, 0, 0, 0, 0]@player1@Daisy@6666
Feb_06_22-17_34_45 | 6666GUESSimage-8b.png@player2@6666
Feb_06_22-17_34_46 | 6666NEXTROUND6666
Feb_06_22-17_34_46 | 6666image-8c.png|||image-7c.png6666
Feb_06_22-17_34_46 | 6666PICimage-8c.png@player2@6666
Feb_06_22-17_34_49 | 6666COORD[0, 0, 0, 0, 0, 0, 0, 0, 0, 0, 0, 0, 0, 0, 0, 0, 0, 0, 0, 0, 0, 0, 0, 0, 0, 0, 0, 0, 0, 0, 0, 0, 0, 0, 0, 0, 0, 0, 0, 0, 0, 0, 0, 0, 0, 0, 0, 0, 0, 0, 0, 0, 0, 0, 0, 0, 0, 0, 0, 0, 0, 0, 0, 0, 0, 0, 0, 0, 0, 0, 0, 0, 0, 0, 0, 0, 0, 0, 0, 0, 0, 0, 0, 0, 0, 0, 1, 0, 0, 0, 0, 0, 0, 0, 0, 0, 0, 0, 0, 1, 0, 0, 0, 0, 0, 0, 0, 0, 0, 0, 0, 0, 0, 0, 0, 0, 0, 0, 0, 0, 0, 0, 0, 0, 0, 0, 0, 0, 0, 0, 0, 0, 0, 0, 0, 0, 0, 0, 0, 0, 0, 0, 0, 0]@player2@Dog@6666
Feb_06_22-17_34_52 | 6666GUESSimage-7c.png@player1@6666
Feb_06_22-17_34_53 | 6666NEXTROUND6666
Feb_06_22-17_34_53 | 6666image-2b.png|||image-2a.png6666
Feb_06_22-17_34_53 | 6666PICimage-2b.png@player1@6666
Feb_06_22-17_34_55 | 6666COORD[0, 0, 0, 0, 0, 0, 0, 0, 0, 0, 0, 0, 0, 0, 0, 0, 0, 0, 0, 0, 0, 0, 0, 0, 0, 0, 0, 0, 0, 0, 0, 0, 0, 0, 0, 0, 0, 0, 0, 0, 0, 0, 0, 0, 0, 0, 0, 0, 0, 0, 0, 0, 0, 0, 0, 0, 0, 0, 0, 0, 0, 0, 0, 0, 0, 0, 0, 0, 0, 0, 0, 0, 0, 0, 0, 0, 0, 0, 0, 0, 0, 0, 0, 0, 0, 0, 0, 0, 0, 0, 0, 0, 0, 1, 0, 0, 0, 0, 0, 0, 0, 0, 0, 0, 1, 0, 0, 0, 0, 0, 0, 0, 0, 0, 0, 0, 0, 0, 0, 0, 0, 0, 0, 0, 0, 0, 0, 0, 0, 0, 0, 0, 0, 0, 0, 0, 0, 0, 0, 0, 0, 0, 0, 0]@player1@Apple@6666
Feb_06_22-17_34_58 | 6666GUESSimage-2b.png@player2@6666
Feb_06_22-20_16_55 | 6666NEXTROUND6666
Feb_06_22-20_16_55 | 6666image-2c.png|||image-2b.png6666
Feb_06_22-20_16_55 | 6666PICimage-2c.png@player2@6666
