Parameters:
Swapping: True
Randomization: True
Time per round: 30
Hard mode: False
Number of clicks: 15
Gradual cell filling: False
Feb_08_22-12_22_10 | 6666INFOplayer16666
Feb_08_22-12_22_16 | 6666INFOplayer26666
Feb_08_22-12_22_22 | 6666SURVEYCOMPLETED@player1@Native language: none given, Main area of study: none given@6666
Feb_08_22-12_22_24 | 6666SURVEYCOMPLETED@player2@Native language: none given, Main area of study: none given@6666
Feb_08_22-12_22_25 | 6666INSTRUCTIONSREAD@player2@6666
Feb_08_22-12_22_26 | 6666INSTRUCTIONSREAD@player1@6666
Feb_08_22-12_22_26 | 6666image-1b.png|||image-1a.png6666
Feb_08_22-12_22_26 | 6666PICimage-1b.png@player1@6666
Feb_08_22-12_22_28 | 6666COORD[0, 0, 0, 0, 0, 0, 0, 0, 0, 0, 0, 0, 0, 0, 0, 0, 0, 0, 0, 0, 0, 0, 0, 0, 0, 0, 0, 0, 0, 0, 0, 0, 0, 0, 0, 0, 0, 0, 0, 0, 0, 0, 0, 0, 0, 0, 0, 0, 0, 0, 0, 0, 0, 0, 0, 0, 0, 0, 0, 0, 0, 0, 0, 0, 0, 0, 0, 0, 0, 0, 0, 0, 0, 0, 0, 0, 0, 0, 0, 0, 0, 0, 0, 0, 0, 0, 0, 0, 0, 0, 0, 0, 0, 0, 0, 0, 0, 0, 0, 0, 0, 0, 0, 0, 0, 0, 0, 0, 0, 0, 0, 0, 0, 1, 0, 0, 1, 0, 0, 0, 0, 0, 0, 0, 0, 0, 0, 0, 0, 0, 0, 0, 0, 0, 0, 0, 0, 0, 0, 0, 0, 0, 0, 0]@player1@Dessert@6666
Feb_08_22-12_22_31 | 6666GUESSDog@player2@6666
Feb_08_22-12_22_33 | 6666NEXTROUND6666
Feb_08_22-12_22_33 | 6666image-1c.png|||image-1b.png6666
Feb_08_22-12_22_33 | 6666PICimage-1c.png@player2@6666
Feb_08_22-12_22_35 | 6666COORD[0, 0, 0, 0, 0, 0, 0, 0, 0, 0, 0, 0, 0, 0, 0, 0, 0, 0, 0, 0, 0, 0, 0, 0, 0, 0, 0, 0, 0, 0, 0, 0, 0, 0, 0, 0, 0, 0, 0, 1, 0, 0, 0, 0, 0, 0, 0, 0, 0, 0, 0, 0, 0, 0, 0, 0, 0, 0, 0, 0, 0, 0, 0, 0, 0, 0, 0, 0, 0, 0, 0, 0, 0, 0, 0, 0, 1, 0, 0, 0, 0, 0, 0, 0, 0, 0, 0, 0, 0, 0, 0, 0, 0, 0, 0, 0, 0, 0, 0, 0, 0, 0, 0, 0, 0, 0, 0, 0, 0, 0, 0, 0, 0, 0, 0, 0, 0, 0, 0, 0, 0, 0, 0, 0, 0, 0, 0, 0, 0, 0, 0, 0, 0, 0, 0, 0, 0, 0, 0, 0, 0, 0, 0, 0]@player2@Animal@6666
Feb_08_22-12_22_37 | 6666GUESSAnimal@player1@6666
Feb_08_22-12_22_54 | 6666NEXTROUND6666
Feb_08_22-12_22_54 | 6666image-1c.png|||image-1a.png6666
Feb_08_22-12_22_54 | 6666PICimage-1c.png@player1@6666
Feb_08_22-12_22_56 | 6666COORD[0, 0, 0, 0, 0, 0, 0, 0, 0, 0, 0, 0, 0, 0, 0, 0, 0, 0, 0, 0, 0, 0, 0, 0, 0, 0, 0, 0, 0, 0, 0, 0, 0, 0, 0, 0, 0, 0, 0, 0, 0, 0, 0, 0, 0, 0, 0, 0, 0, 0, 0, 0, 0, 0, 0, 0, 0, 0, 0, 0, 0, 0, 0, 0, 0, 0, 0, 0, 0, 0, 0, 0, 0, 0, 0, 0, 0, 0, 0, 1, 0, 0, 0, 0, 0, 0, 0, 0, 0, 0, 0, 0, 0, 0, 0, 0, 0, 0, 0, 0, 0, 0, 0, 0, 0, 0, 0, 0, 0, 0, 0, 0, 0, 0, 1, 0, 0, 0, 0, 0, 0, 0, 0, 0, 0, 0, 0, 0, 0, 0, 0, 0, 0, 0, 0, 0, 0, 0, 0, 0, 0, 0, 0, 0]@player1@Dog@6666
Feb_08_22-12_22_58 | 6666GUESSPet@player2@6666
Feb_08_22-12_22_59 | 6666NEXTROUND6666
Feb_08_22-12_22_59 | 6666image-8a.png|||image-7a.png6666
Feb_08_22-12_22_59 | 6666PICimage-8a.png@player2@6666
Feb_08_22-12_26_33 | 6666COORD[0, 0, 0, 0, 0, 0, 0, 0, 0, 0, 0, 0, 0, 0, 0, 0, 0, 0, 0, 0, 0, 0, 0, 0, 0, 0, 0, 0, 0, 0, 0, 0, 0, 0, 0, 0, 0, 0, 0, 0, 0, 0, 0, 0, 0, 0, 0, 0, 0, 0, 0, 0, 0, 0, 0, 0, 0, 0, 0, 0, 0, 0, 0, 0, 0, 0, 0, 0, 0, 0, 0, 0, 0, 0, 0, 0, 0, 0, 0, 0, 0, 0, 0, 0, 0, 0, 1, 0, 0, 0, 0, 0, 0, 0, 0, 0, 0, 0, 0, 0, 0, 0, 0, 0, 0, 0, 0, 0, 0, 0, 1, 0, 0, 0, 0, 0, 0, 0, 0, 0, 0, 0, 0, 0, 0, 0, 0, 0, 0, 0, 0, 0, 0, 0, 0, 0, 0, 0, 0, 0, 0, 0, 0, 0]@player2@Daisy@6666
Feb_08_22-12_26_38 | 6666GUESSDaisy@player1@6666
