Parameters:
Swapping: True
Randomization: True
Time per round: 30
Hard mode: False
Number of clicks: 15
Gradual cell filling: False
Mar_26_22-20_28_47 | 6666INFOp16666
Mar_26_22-20_28_53 | 6666INFOp26666
Mar_26_22-20_28_57 | 6666SURVEYCOMPLETED@p1@Native language: none given, Main area of study: none given@6666
Mar_26_22-20_28_58 | 6666SURVEYCOMPLETED@p2@Native language: none given, Main area of study: none given@6666
Mar_26_22-20_28_58 | 6666INSTRUCTIONSREAD@p2@6666
Mar_26_22-20_28_59 | 6666INSTRUCTIONSREAD@p1@6666
Mar_26_22-20_28_59 | 6666image-1a.png|||image-1b.png6666
Mar_26_22-20_28_59 | 6666PICimage-1a.png@p1@6666
Mar_26_22-20_29_01 | 6666COORD[0, 0, 0, 0, 0, 0, 0, 0, 0, 0, 0, 0, 0, 0, 0, 0, 0, 0, 0, 0, 0, 0, 0, 0, 0, 0, 0, 0, 0, 0, 0, 0, 0, 0, 0, 0, 0, 0, 0, 0, 0, 0, 0, 0, 0, 0, 0, 0, 0, 0, 0, 0, 0, 0, 0, 0, 0, 0, 0, 0, 0, 0, 0, 0, 0, 0, 0, 0, 0, 0, 0, 0, 0, 0, 0, 0, 0, 0, 0, 0, 0, 0, 0, 0, 0, 0, 0, 0, 0, 0, 0, 0, 0, 0, 0, 0, 0, 0, 0, 0, 0, 0, 0, 0, 0, 0, 0, 0, 0, 0, 0, 0, 0, 0, 0, 0, 0, 0, 0, 0, 0, 0, 0, 0, 0, 0, 0, 0, 1, 0, 0, 0, 0, 0, 0, 0, 0, 0, 0, 0, 0, 0, 0, 0]@p1@Novel@6666
Mar_26_22-20_29_03 | 6666GUESSNovel@p2@Novel@6666
Mar_26_22-20_29_04 | 6666NEXTROUND6666
Mar_26_22-20_29_04 | 6666image-1c.png|||image-1b.png6666
Mar_26_22-20_29_04 | 6666PICimage-1c.png@p2@6666
Mar_26_22-20_29_06 | 6666COORD[0, 0, 0, 0, 0, 0, 0, 0, 0, 0, 0, 0, 0, 0, 0, 0, 0, 0, 0, 0, 0, 0, 0, 0, 0, 0, 0, 0, 0, 0, 0, 1, 0, 0, 0, 0, 0, 0, 0, 0, 0, 0, 0, 0, 0, 0, 0, 0, 0, 0, 0, 0, 0, 0, 0, 0, 0, 0, 0, 0, 0, 0, 0, 0, 0, 0, 0, 0, 0, 0, 0, 0, 0, 0, 1, 0, 0, 0, 0, 0, 0, 0, 0, 0, 0, 0, 0, 0, 0, 0, 0, 0, 0, 0, 0, 0, 0, 0, 0, 0, 0, 0, 0, 0, 0, 0, 0, 0, 0, 0, 0, 0, 0, 0, 0, 0, 0, 0, 0, 0, 0, 0, 0, 0, 0, 0, 0, 0, 0, 0, 0, 0, 0, 0, 0, 0, 0, 0, 0, 0, 0, 0, 0, 0]@p2@Dog@6666
Mar_27_22-11_41_13 | 6666GUESSAnimal@p1@Dog@6666
Mar_27_22-11_41_15 | 6666NEXTROUND6666
Mar_27_22-11_41_15 | 6666image-1a.png|||image-1c.png6666
Mar_27_22-11_41_15 | 6666PICimage-1a.png@p1@6666
Mar_27_22-11_41_18 | 6666COORD[0, 0, 0, 0, 0, 0, 0, 0, 0, 0, 0, 0, 0, 0, 0, 0, 0, 0, 0, 0, 0, 0, 0, 0, 0, 0, 0, 0, 0, 0, 0, 0, 0, 0, 0, 0, 0, 0, 0, 0, 0, 0, 0, 0, 0, 0, 0, 0, 0, 0, 0, 0, 0, 0, 0, 0, 0, 0, 0, 0, 0, 0, 0, 0, 0, 0, 0, 0, 0, 0, 0, 0, 0, 0, 0, 0, 0, 0, 0, 0, 0, 0, 0, 0, 0, 0, 0, 0, 0, 0, 0, 0, 0, 0, 0, 0, 0, 0, 0, 0, 0, 0, 0, 0, 0, 0, 0, 0, 0, 0, 0, 0, 0, 0, 1, 0, 1, 0, 0, 0, 0, 0, 0, 0, 0, 0, 0, 0, 0, 0, 0, 0, 0, 0, 0, 0, 0, 0, 0, 0, 0, 0, 0, 0]@p1@Flower@6666
