Parameters:
Swapping: True
Randomization: True
Time per round: 30
Hard mode: False
Number of clicks: 15
Gradual cell filling: False
May_25_22-15_58_28 | 6666INFOp16666
May_25_22-15_58_33 | 6666INFOp26666
May_25_22-15_58_37 | 6666SURVEYCOMPLETED@p1@Native language: none given, Main area of study: none given@6666
May_25_22-15_58_38 | 6666SURVEYCOMPLETED@p2@Native language: none given, Main area of study: none given@6666
May_25_22-15_58_39 | 6666INSTRUCTIONSREAD@p2@6666
May_25_22-15_58_40 | 6666INSTRUCTIONSREAD@p1@6666
May_25_22-15_58_40 | 6666image-1a.png|||image-1b.png6666
May_25_22-15_58_40 | 6666PICimage-1a.png@p1@6666
May_25_22-15_58_41 | 6666COORD[0, 0, 0, 0, 0, 0, 0, 0, 0, 0, 0, 0, 0, 0, 0, 0, 0, 0, 0, 0, 0, 0, 0, 0, 0, 0, 0, 0, 0, 0, 0, 0, 0, 0, 0, 0, 0, 0, 0, 0, 0, 0, 0, 0, 0, 0, 0, 0, 0, 0, 0, 0, 0, 0, 0, 0, 0, 0, 0, 0, 0, 0, 0, 0, 0, 0, 0, 0, 0, 0, 0, 0, 0, 0, 0, 0, 0, 0, 0, 0, 0, 0, 0, 0, 0, 0, 0, 0, 1, 0, 0, 1, 0, 0, 0, 0, 0, 0, 0, 0, 0, 0, 0, 0, 0, 0, 0, 0, 0, 0, 0, 0, 0, 0, 0, 0, 0, 0, 0, 0, 0, 0, 0, 0, 0, 0, 0, 0, 0, 0, 0, 0, 0, 0, 0, 0, 0, 0, 0, 0, 0, 0, 0, 0]@p1@Flower@6666
May_25_22-15_58_44 | 6666GUESSFlower@p2@Flower@6666
May_25_22-15_58_44 | 6666NEXTROUND6666
May_25_22-15_58_44 | 6666image-1b.png|||image-1c.png6666
May_25_22-15_58_44 | 6666PICimage-1b.png@p2@6666
May_25_22-15_59_26 | 6666COORD[0, 0, 0, 0, 0, 0, 0, 0, 0, 0, 0, 0, 0, 0, 0, 0, 0, 0, 0, 0, 0, 0, 0, 0, 0, 0, 0, 0, 0, 0, 0, 0, 0, 0, 0, 0, 0, 0, 0, 0, 0, 0, 0, 0, 0, 0, 0, 0, 0, 0, 0, 0, 0, 0, 0, 0, 0, 0, 0, 0, 0, 0, 0, 0, 0, 0, 0, 0, 0, 0, 0, 0, 0, 0, 0, 0, 0, 0, 0, 0, 0, 0, 0, 0, 0, 1, 0, 0, 0, 0, 0, 0, 0, 0, 0, 0, 0, 0, 0, 0, 0, 0, 0, 0, 0, 0, 0, 0, 0, 0, 0, 1, 0, 0, 0, 0, 0, 0, 0, 0, 0, 0, 0, 0, 0, 0, 0, 0, 0, 0, 0, 0, 0, 0, 0, 0, 0, 0, 0, 0, 0, 0, 0, 0]@p2@Fruit@6666
May_25_22-15_59_29 | 6666GUESSBook@p1@Fruit@6666
May_25_22-15_59_30 | 6666NEXTROUND6666
May_25_22-15_59_30 | 6666image-1c.png|||image-1a.png6666
May_25_22-15_59_30 | 6666PICimage-1c.png@p1@6666
May_25_22-15_59_32 | 6666COORD[0, 0, 0, 0, 0, 0, 0, 0, 0, 0, 0, 0, 0, 0, 0, 0, 0, 0, 0, 0, 0, 0, 0, 0, 0, 0, 0, 0, 0, 0, 0, 0, 0, 0, 0, 0, 0, 0, 0, 0, 0, 0, 0, 0, 0, 0, 0, 0, 0, 0, 0, 0, 0, 0, 0, 0, 0, 0, 0, 0, 0, 0, 0, 0, 0, 0, 0, 0, 0, 0, 0, 0, 0, 0, 0, 0, 1, 0, 0, 0, 0, 0, 0, 0, 0, 0, 0, 0, 0, 0, 0, 0, 0, 0, 0, 0, 0, 0, 0, 1, 0, 0, 0, 0, 0, 0, 0, 0, 0, 0, 0, 0, 0, 0, 0, 0, 0, 0, 0, 0, 0, 0, 0, 0, 0, 0, 0, 0, 0, 0, 0, 0, 0, 0, 0, 0, 0, 0, 0, 0, 0, 0, 0, 0]@p1@Pet@6666
May_25_22-15_59_35 | 6666GUESSIce cream@p2@Pet@6666
May_25_22-15_59_36 | 6666NEXTROUND6666
May_25_22-15_59_36 | 6666image-8a.png|||image-7a.png6666
May_25_22-15_59_36 | 6666PICimage-8a.png@p2@6666
May_25_22-15_59_38 | 6666COORD[0, 0, 0, 0, 0, 0, 0, 0, 0, 0, 0, 0, 0, 0, 0, 0, 0, 0, 0, 0, 0, 0, 0, 0, 0, 0, 0, 0, 0, 0, 0, 0, 0, 0, 0, 0, 0, 0, 0, 0, 0, 0, 0, 0, 0, 0, 0, 0, 0, 0, 0, 0, 0, 0, 0, 0, 0, 0, 0, 0, 0, 0, 0, 0, 0, 0, 0, 0, 0, 0, 0, 0, 1, 0, 0, 0, 0, 0, 0, 0, 0, 0, 0, 0, 0, 0, 0, 0, 0, 0, 0, 0, 0, 0, 0, 0, 0, 0, 1, 0, 0, 0, 0, 0, 0, 0, 0, 0, 0, 0, 0, 0, 0, 0, 0, 0, 0, 0, 0, 0, 0, 0, 0, 0, 0, 0, 0, 0, 0, 0, 0, 0, 0, 0, 0, 0, 0, 0, 0, 0, 0, 0, 0, 0]@p2@Animal@6666
May_25_22-15_59_44 | 6666GUESSNovel@p1@Animal@6666
May_25_22-15_59_45 | 6666NEXTROUND6666
May_25_22-15_59_45 | 6666image-8b.png|||image-7b.png6666
May_25_22-15_59_45 | 6666PICimage-8b.png@p1@6666
