Parameters:
Swapping: True
Randomization: True
Time per round: 30
Hard mode: False
Number of clicks: 15
Gradual cell filling: False
Mar_27_22-12_27_26 | 6666INFOp16666
Mar_27_22-12_27_31 | 6666INFOp26666
Mar_27_22-12_27_35 | 6666SURVEYCOMPLETED@p1@Native language: none given, Main area of study: none given@6666
Mar_27_22-12_27_36 | 6666SURVEYCOMPLETED@p2@Native language: none given, Main area of study: none given@6666
Mar_27_22-12_27_37 | 6666INSTRUCTIONSREAD@p2@6666
Mar_27_22-12_27_38 | 6666INSTRUCTIONSREAD@p1@6666
Mar_27_22-12_27_38 | 6666image-1b.png|||image-1a.png6666
Mar_27_22-12_27_38 | 6666PICimage-1b.png@p1@6666
Mar_27_22-12_27_41 | 6666COORD[0, 0, 0, 0, 0, 0, 0, 0, 0, 0, 0, 0, 0, 0, 0, 0, 0, 0, 0, 0, 0, 0, 0, 0, 0, 0, 0, 0, 0, 0, 0, 0, 0, 0, 0, 0, 0, 0, 0, 0, 0, 0, 0, 0, 0, 0, 0, 0, 0, 0, 0, 0, 0, 0, 0, 0, 0, 0, 0, 0, 0, 0, 0, 0, 0, 0, 0, 0, 0, 0, 0, 0, 0, 0, 0, 0, 0, 0, 0, 0, 0, 0, 1, 0, 0, 0, 0, 0, 0, 0, 1, 0, 0, 0, 0, 0, 0, 0, 0, 0, 0, 0, 0, 0, 0, 0, 0, 0, 0, 0, 0, 0, 0, 0, 0, 0, 0, 0, 0, 0, 0, 0, 0, 0, 0, 0, 0, 0, 0, 0, 0, 0, 0, 0, 0, 0, 0, 0, 0, 0, 0, 1, 0, 0]@p1@Novel@6666
Mar_27_22-12_27_44 | 6666GUESSNovel@p2@Novel@6666
Mar_27_22-12_27_45 | 6666NEXTROUND6666
Mar_27_22-12_27_45 | 6666image-1c.png|||image-1b.png6666
Mar_27_22-12_27_45 | 6666PICimage-1c.png@p2@6666
Mar_27_22-12_27_48 | 6666COORD[0, 0, 0, 0, 0, 0, 0, 0, 0, 0, 0, 0, 0, 0, 0, 0, 0, 0, 0, 0, 0, 0, 0, 0, 0, 0, 0, 0, 0, 0, 0, 0, 0, 0, 0, 0, 0, 0, 0, 0, 0, 0, 0, 0, 0, 0, 0, 0, 0, 0, 0, 0, 0, 0, 0, 0, 0, 0, 0, 0, 0, 0, 0, 0, 0, 0, 0, 0, 0, 0, 0, 0, 0, 0, 0, 0, 0, 1, 0, 0, 0, 0, 0, 0, 0, 0, 0, 0, 0, 0, 1, 0, 0, 0, 0, 0, 0, 0, 1, 0, 0, 0, 0, 0, 0, 0, 0, 0, 0, 0, 0, 0, 0, 0, 0, 0, 0, 0, 0, 0, 0, 0, 0, 0, 0, 0, 0, 0, 0, 0, 0, 0, 0, 0, 0, 0, 0, 0, 0, 0, 0, 0, 0, 0]@p2@Apple@6666
Mar_27_22-12_28_12 | 6666GUESSApple@p1@Apple@6666
Mar_27_22-12_28_13 | 6666NEXTROUND6666
Mar_27_22-12_28_13 | 6666image-1c.png|||image-1a.png6666
Mar_27_22-12_28_13 | 6666PICimage-1c.png@p1@6666
Mar_27_22-12_28_16 | 6666COORD[0, 0, 0, 0, 0, 0, 0, 0, 0, 0, 0, 0, 0, 0, 0, 0, 0, 0, 0, 0, 0, 0, 0, 0, 0, 0, 0, 0, 0, 0, 0, 0, 0, 0, 0, 0, 0, 0, 0, 0, 0, 0, 0, 0, 0, 0, 0, 0, 0, 0, 0, 0, 0, 0, 0, 0, 0, 0, 0, 0, 0, 0, 0, 0, 0, 0, 0, 0, 0, 0, 0, 0, 0, 0, 0, 0, 0, 0, 0, 0, 0, 0, 0, 0, 0, 0, 0, 0, 1, 0, 0, 0, 0, 0, 0, 0, 0, 0, 0, 0, 0, 0, 0, 0, 0, 0, 0, 0, 0, 0, 0, 0, 0, 1, 0, 0, 0, 0, 0, 0, 0, 0, 0, 0, 0, 0, 0, 0, 0, 0, 0, 0, 0, 0, 0, 0, 0, 0, 0, 0, 0, 0, 0, 0]@p1@Daisy@6666
