Parameters:
Swapping: True
Randomization: True
Time per round: 30
Hard mode: False
Number of clicks: 15
Gradual cell filling: False
Jun_24_22-16_16_46 | 6666INFOf6666
Jun_24_22-16_16_51 | 6666INFOf6666
Jun_24_22-16_16_53 | 6666SURVEYCOMPLETED@f@Native language: none given, Main area of study: none given@6666
Jun_24_22-16_16_57 | 6666SURVEYCOMPLETED@f@Native language: none given, Main area of study: none given@6666
Jun_24_22-16_16_58 | 6666INSTRUCTIONSREAD@f@6666
Jun_24_22-16_17_00 | 6666INSTRUCTIONSREAD@f@6666
Jun_24_22-16_17_19 | 6666COORD[1, 0, 0, 0, 0, 1, 0, 0, 0, 0, 0, 1, 0, 0, 0, 0, 0, 1, 0, 0, 0, 0, 0, 0, 0, 0, 0, 0, 0, 1, 0, 0, 0, 0, 0, 0, 0, 0, 0, 0, 0, 1, 0, 0, 0, 0, 0, 0, 0, 0, 0, 0, 0, 1, 0, 0, 0, 0, 0, 0, 1, 1, 1, 1, 1, 1, 1, 1, 1, 1, 1, 1, 0, 0, 0, 0, 0, 1, 0, 0, 0, 0, 0, 0, 0, 0, 0, 0, 0, 1, 0, 0, 0, 0, 0, 0, 0, 0, 0, 0, 0, 1, 0, 0, 0, 0, 0, 0, 0, 0, 0, 0, 0, 1, 0, 0, 0, 0, 0, 0, 0, 0, 0, 0, 0, 1, 0, 0, 0, 0, 0, 0, 1, 0, 0, 0, 0, 1, 0, 0, 0, 0, 0, 1]@f@Novel@6666
Jun_24_22-16_17_29 | 6666GUESSFruit@f@Novel@6666
Jun_24_22-16_17_30 | 6666NEXTROUND6666
Jun_24_22-16_17_35 | 6666COORD[1, 0, 0, 0, 0, 0, 0, 0, 0, 0, 0, 0, 0, 0, 0, 0, 0, 0, 0, 0, 0, 0, 0, 0, 0, 0, 0, 0, 0, 0, 0, 0, 0, 0, 0, 0, 0, 0, 0, 0, 0, 0, 0, 0, 0, 0, 0, 0, 0, 0, 0, 0, 0, 0, 0, 0, 0, 0, 0, 0, 0, 0, 0, 0, 0, 0, 0, 0, 0, 0, 0, 0, 0, 0, 0, 0, 0, 0, 0, 0, 0, 0, 0, 0, 0, 0, 0, 0, 0, 0, 0, 0, 0, 0, 0, 0, 0, 0, 0, 0, 0, 0, 0, 0, 0, 0, 0, 0, 0, 0, 0, 0, 0, 0, 0, 0, 0, 0, 0, 0, 0, 0, 0, 0, 0, 0, 0, 0, 0, 0, 0, 0, 0, 0, 0, 0, 0, 0, 0, 0, 0, 0, 0, 0]@f@Dessert@6666
