Parameters:
Swapping: True
Randomization: True
Time per round: 30
Hard mode: False
Number of clicks: 15
Gradual cell filling: False
Jan_14_22-21_51_52 | 6666INFOplayer16666
Jan_14_22-21_52_00 | 6666INFOplayer26666
Jan_14_22-21_52_09 | 6666SURVEYCOMPLETED@player1@Native language: none given, Main area of study: none given@6666
Jan_14_22-21_52_11 | 6666SURVEYCOMPLETED@player2@Native language: none given, Main area of study: none given@6666
Jan_14_22-21_52_12 | 6666INSTRUCTIONSREAD@player1@6666
Jan_14_22-21_52_13 | 6666INSTRUCTIONSREAD@player2@6666
Jan_14_22-21_52_13 | 6666image-7a.png|||image-8a.png6666
Jan_14_22-21_52_13 | 6666PICimage-7a.png@player1@6666
Jan_14_22-21_52_14 | 6666COORD[0, 0, 0, 0, 0, 0, 0, 0, 0, 0, 0, 0, 0, 0, 0, 0, 0, 0, 0, 0, 0, 0, 0, 0, 0, 0, 0, 0, 0, 0, 0, 0, 0, 0, 0, 0, 0, 0, 0, 0, 0, 0, 0, 0, 0, 0, 0, 0, 0, 0, 0, 0, 0, 0, 0, 0, 0, 0, 0, 0, 0, 0, 0, 0, 0, 0, 0, 0, 0, 0, 0, 0, 0, 0, 0, 0, 0, 0, 0, 0, 0, 0, 0, 0, 0, 0, 0, 0, 0, 0, 0, 0, 0, 0, 0, 0, 0, 0, 0, 0, 0, 0, 1, 0, 0, 0, 0, 0, 0, 0, 0, 0, 0, 0, 0, 0, 0, 1, 0, 0, 0, 0, 0, 0, 0, 0, 0, 0, 0, 0, 0, 0, 0, 0, 0, 0, 0, 0, 0, 0, 0, 0, 0, 0]@player1@6666
Jan_14_22-21_52_24 | 6666GUESSimage-7a.png@player2@6666
Jan_14_22-21_52_25 | 6666NEXTROUND6666
Jan_14_22-21_52_25 | 6666image-1a.png|||image-1b.png6666
Jan_14_22-21_52_25 | 6666PICimage-1a.png@player2@6666
Jan_14_22-21_52_27 | 6666COORD[0, 0, 0, 0, 0, 0, 0, 0, 0, 0, 0, 0, 0, 0, 0, 0, 0, 0, 0, 0, 0, 0, 0, 0, 0, 0, 0, 0, 0, 0, 0, 0, 0, 0, 0, 0, 0, 0, 0, 0, 0, 0, 0, 0, 0, 0, 0, 0, 0, 0, 0, 0, 0, 0, 0, 0, 0, 0, 0, 0, 0, 0, 0, 0, 0, 0, 0, 0, 0, 0, 0, 0, 0, 0, 0, 0, 0, 0, 0, 0, 0, 0, 0, 0, 0, 0, 0, 0, 0, 0, 1, 0, 0, 0, 0, 0, 0, 0, 0, 0, 0, 0, 0, 0, 0, 0, 0, 0, 0, 0, 0, 0, 1, 0, 0, 0, 0, 0, 0, 0, 0, 0, 0, 0, 0, 0, 0, 0, 0, 0, 0, 0, 0, 0, 0, 0, 0, 0, 0, 0, 0, 0, 0, 0]@player2@6666
Jan_14_22-21_52_40 | 6666GUESSimage-1a.png@player1@6666
Jan_14_22-21_52_41 | 6666NEXTROUND6666
Jan_14_22-21_52_42 | 6666READYTOSTARTPROPERROUNDS@player1@6666
Jan_14_22-21_52_43 | 6666READYTOSTARTPROPERROUNDS@player2@6666
Jan_14_22-21_52_43 | 6666image-6c.png|||image-5c.png6666
Jan_14_22-21_52_43 | 6666PICimage-6c.png@player1@6666
Jan_14_22-21_52_45 | 6666COORD[0, 0, 0, 0, 0, 0, 0, 0, 0, 0, 0, 0, 0, 0, 0, 0, 0, 0, 0, 0, 0, 0, 0, 0, 0, 0, 0, 0, 0, 0, 0, 0, 0, 0, 0, 0, 0, 0, 0, 0, 1, 0, 0, 0, 0, 0, 0, 0, 0, 0, 0, 0, 0, 1, 0, 0, 0, 0, 0, 0, 0, 0, 0, 1, 0, 0, 0, 0, 0, 0, 0, 0, 0, 0, 0, 0, 0, 0, 0, 1, 0, 0, 0, 0, 0, 0, 0, 0, 0, 0, 0, 0, 0, 0, 0, 0, 0, 0, 0, 0, 0, 0, 0, 0, 0, 0, 0, 0, 0, 0, 0, 0, 0, 0, 0, 0, 0, 0, 0, 0, 0, 0, 0, 0, 0, 0, 0, 0, 0, 0, 0, 0, 0, 0, 0, 0, 0, 0, 0, 0, 0, 0, 0, 0]@player1@6666
Jan_14_22-21_53_02 | 6666GUESSimage-6c.png@player2@6666
Jan_14_22-21_53_03 | 6666NEXTROUND6666
Jan_14_22-21_53_03 | 6666image-8b.png|||image-7b.png6666
Jan_14_22-21_53_03 | 6666PICimage-8b.png@player2@6666
Jan_14_22-21_53_10 | 6666COORD[0, 0, 0, 0, 0, 0, 0, 0, 0, 0, 0, 0, 0, 0, 0, 0, 0, 0, 0, 0, 0, 0, 0, 0, 0, 0, 0, 0, 0, 0, 0, 0, 0, 0, 0, 0, 0, 0, 0, 0, 0, 0, 1, 0, 0, 0, 0, 0, 0, 0, 0, 0, 0, 1, 0, 0, 0, 0, 0, 0, 0, 0, 0, 0, 1, 0, 0, 0, 0, 0, 0, 0, 0, 0, 0, 1, 0, 0, 0, 0, 0, 0, 0, 0, 0, 0, 0, 0, 0, 0, 0, 0, 0, 1, 0, 0, 0, 0, 0, 0, 0, 0, 0, 0, 0, 1, 0, 0, 0, 0, 0, 0, 0, 0, 0, 1, 0, 1, 0, 0, 0, 0, 0, 0, 0, 0, 0, 0, 0, 0, 0, 0, 0, 0, 0, 0, 0, 0, 0, 0, 0, 0, 0, 0]@player2@6666
Jan_14_22-21_54_00 | 6666GUESSimage-7b.png@player1@6666
Jan_14_22-21_54_01 | 6666NEXTROUND6666
Jan_14_22-21_54_01 | 6666image-4a.png|||image-5a.png6666
Jan_14_22-21_54_01 | 6666PICimage-4a.png@player1@6666
Jan_14_22-22_06_55 | 6666COORD[0, 0, 0, 0, 0, 0, 0, 0, 0, 0, 0, 0, 0, 0, 0, 0, 0, 0, 0, 0, 0, 0, 0, 0, 0, 0, 0, 1, 0, 0, 0, 0, 0, 0, 0, 0, 0, 0, 0, 0, 0, 1, 0, 0, 0, 0, 0, 0, 0, 0, 0, 0, 0, 0, 0, 0, 0, 0, 0, 0, 0, 0, 0, 0, 0, 0, 0, 0, 0, 0, 0, 0, 0, 0, 0, 0, 0, 0, 0, 0, 0, 0, 0, 0, 0, 0, 0, 0, 0, 0, 0, 0, 0, 0, 0, 0, 0, 0, 0, 0, 0, 0, 0, 0, 0, 0, 0, 0, 0, 0, 0, 1, 0, 0, 0, 0, 0, 0, 0, 0, 0, 0, 0, 0, 0, 0, 0, 0, 0, 0, 0, 0, 0, 0, 0, 0, 0, 0, 0, 0, 0, 0, 0, 0]@player1@6666
Jan_14_22-22_06_59 | 6666GUESSimage-4a.png@player2@6666
Jan_14_22-22_07_22 | 6666NEXTROUND6666
Jan_14_22-22_07_22 | 6666image-6c.png|||image-6b.png6666
Jan_14_22-22_07_22 | 6666PICimage-6c.png@player2@6666
Jan_15_22-13_12_49 | 6666COORD[0, 0, 0, 0, 0, 0, 0, 0, 0, 0, 1, 0, 0, 0, 0, 0, 0, 0, 0, 0, 0, 1, 0, 0, 0, 0, 0, 0, 0, 0, 0, 0, 1, 0, 0, 0, 0, 0, 0, 0, 0, 0, 0, 1, 0, 0, 0, 0, 0, 0, 0, 0, 0, 0, 1, 0, 0, 0, 0, 0, 0, 0, 0, 0, 0, 1, 0, 0, 0, 0, 0, 0, 0, 0, 0, 0, 1, 0, 0, 0, 0, 0, 0, 0, 0, 0, 0, 1, 0, 0, 0, 0, 0, 0, 0, 0, 0, 0, 1, 1, 1, 0, 0, 0, 0, 0, 0, 0, 0, 0, 1, 0, 0, 0, 0, 0, 0, 0, 0, 0, 0, 1, 0, 0, 0, 0, 0, 0, 0, 0, 0, 0, 1, 0, 0, 0, 0, 0, 0, 0, 0, 0, 0, 0]@player2@6666
