Parameters:
Swapping: True
Randomization: True
Time per round: 30
Hard mode: False
Number of clicks: 15
Gradual cell filling: False
Mar_27_22-12_49_02 | 6666INFOp16666
Mar_27_22-12_49_07 | 6666INFOp26666
Mar_27_22-12_49_12 | 6666SURVEYCOMPLETED@p1@Native language: none given, Main area of study: none given@6666
Mar_27_22-12_49_13 | 6666SURVEYCOMPLETED@p2@Native language: none given, Main area of study: none given@6666
Mar_27_22-12_49_14 | 6666INSTRUCTIONSREAD@p2@6666
Mar_27_22-12_49_15 | 6666INSTRUCTIONSREAD@p1@6666
Mar_27_22-12_49_15 | 6666image-1a.png|||image-1b.png6666
Mar_27_22-12_49_15 | 6666PICimage-1a.png@p1@6666
Mar_27_22-12_49_17 | 6666COORD[0, 0, 0, 0, 0, 0, 0, 0, 0, 0, 0, 0, 0, 0, 0, 0, 0, 0, 0, 0, 0, 0, 0, 0, 0, 0, 0, 0, 0, 0, 0, 0, 0, 0, 0, 0, 0, 0, 0, 0, 0, 0, 0, 0, 0, 0, 0, 0, 0, 0, 0, 0, 0, 0, 0, 0, 0, 0, 0, 0, 0, 0, 0, 0, 0, 0, 0, 0, 0, 0, 0, 0, 0, 0, 0, 0, 0, 0, 0, 0, 0, 0, 0, 0, 0, 0, 0, 0, 0, 0, 0, 0, 0, 1, 0, 0, 0, 0, 0, 0, 0, 0, 1, 0, 0, 0, 0, 0, 0, 0, 0, 0, 0, 0, 0, 0, 0, 0, 0, 0, 0, 0, 0, 0, 0, 0, 0, 0, 0, 0, 0, 0, 0, 0, 0, 0, 0, 0, 0, 0, 0, 0, 0, 0]@p1@Pet@6666
Mar_27_22-12_49_19 | 6666GUESSPet@p2@Pet@6666
Mar_27_22-12_49_20 | 6666NEXTROUND6666
Mar_27_22-12_49_20 | 6666image-1c.png|||image-1b.png6666
Mar_27_22-12_49_20 | 6666PICimage-1c.png@p2@6666
Mar_27_22-12_49_22 | 6666COORD[0, 0, 0, 0, 0, 0, 0, 0, 0, 0, 0, 0, 0, 0, 0, 0, 0, 0, 0, 0, 0, 0, 0, 0, 0, 0, 0, 0, 0, 0, 0, 0, 0, 0, 0, 0, 0, 0, 0, 0, 0, 0, 0, 0, 0, 0, 0, 0, 0, 0, 0, 0, 0, 0, 0, 0, 0, 0, 0, 0, 0, 0, 0, 0, 0, 0, 0, 0, 0, 0, 0, 0, 0, 0, 0, 0, 0, 0, 0, 0, 0, 0, 0, 0, 0, 0, 0, 0, 0, 0, 0, 0, 0, 0, 0, 0, 0, 0, 0, 0, 0, 0, 0, 0, 0, 0, 0, 0, 0, 0, 0, 0, 0, 0, 0, 0, 0, 0, 0, 0, 0, 0, 0, 0, 0, 0, 0, 0, 0, 0, 0, 0, 0, 1, 1, 0, 0, 0, 0, 0, 0, 0, 0, 0]@p2@Novel@6666
