Parameters:
Swapping: True
Randomization: True
Time per round: 30
Hard mode: False
Number of clicks: 15
Gradual cell filling: False
Mar_26_22-20_02_21 | 6666INFOp16666
Mar_26_22-20_02_25 | 6666INFOp26666
Mar_26_22-20_02_30 | 6666SURVEYCOMPLETED@p1@Native language: none given, Main area of study: none given@6666
Mar_26_22-20_02_31 | 6666SURVEYCOMPLETED@p2@Native language: none given, Main area of study: none given@6666
Mar_26_22-20_02_32 | 6666INSTRUCTIONSREAD@p2@6666
Mar_26_22-20_02_32 | 6666INSTRUCTIONSREAD@p1@6666
Mar_26_22-20_02_32 | 6666image-1b.png|||image-1a.png6666
Mar_26_22-20_02_32 | 6666PICimage-1b.png@p1@6666
Mar_26_22-20_02_38 | 6666COORD[0, 0, 0, 0, 0, 0, 0, 0, 0, 0, 0, 0, 1, 0, 0, 0, 1, 0, 0, 0, 0, 0, 0, 0, 0, 0, 0, 0, 0, 0, 0, 0, 0, 0, 0, 0, 0, 0, 0, 0, 0, 0, 1, 0, 0, 0, 0, 0, 0, 0, 0, 0, 0, 0, 0, 0, 0, 0, 0, 0, 0, 0, 0, 0, 0, 0, 0, 0, 0, 0, 0, 0, 0, 0, 0, 0, 0, 0, 0, 0, 0, 0, 0, 0, 0, 0, 0, 1, 0, 0, 0, 0, 0, 0, 0, 0, 0, 0, 0, 0, 0, 0, 0, 0, 0, 0, 0, 0, 0, 0, 0, 0, 0, 0, 0, 0, 0, 0, 0, 0, 0, 0, 0, 0, 0, 0, 0, 0, 0, 0, 0, 0, 0, 0, 0, 0, 0, 0, 0, 0, 0, 0, 0, 0]@p1@,@6666
Mar_26_22-20_02_42 | 6666GUESSFruit@p2@,@6666
Mar_26_22-20_02_43 | 6666NEXTROUND6666
Mar_26_22-20_02_43 | 6666image-1c.png|||image-1b.png6666
Mar_26_22-20_02_43 | 6666PICimage-1c.png@p2@6666
Mar_26_22-20_03_54 | 6666COORD[0, 0, 0, 0, 0, 0, 0, 0, 0, 0, 0, 0, 0, 0, 0, 0, 0, 0, 0, 0, 0, 0, 0, 0, 0, 0, 0, 0, 0, 0, 0, 0, 0, 0, 0, 0, 0, 0, 0, 0, 0, 0, 0, 0, 0, 0, 0, 0, 0, 0, 1, 0, 0, 0, 0, 0, 0, 0, 0, 0, 0, 0, 0, 0, 0, 0, 0, 0, 0, 0, 0, 0, 0, 0, 0, 0, 0, 1, 0, 0, 0, 0, 0, 0, 0, 0, 0, 0, 0, 0, 0, 0, 0, 0, 0, 0, 0, 0, 0, 0, 0, 0, 0, 0, 0, 0, 0, 0, 0, 0, 0, 0, 0, 0, 0, 0, 0, 0, 0, 0, 0, 0, 0, 0, 0, 0, 0, 0, 0, 0, 0, 0, 0, 0, 0, 0, 0, 1, 0, 0, 0, 0, 0, 0]@p2@t@6666
