Parameters:
Swapping: True
Randomization: True
Time per round: 30
Hard mode: False
Number of clicks: 15
Gradual cell filling: False
Feb_08_22-12_18_15 | 6666INFOplayer16666
Feb_08_22-12_18_20 | 6666INFOplayer26666
Feb_08_22-12_18_27 | 6666SURVEYCOMPLETED@player1@Native language: none given, Main area of study: none given@6666
Feb_08_22-12_18_28 | 6666SURVEYCOMPLETED@player2@Native language: none given, Main area of study: none given@6666
Feb_08_22-12_18_29 | 6666INSTRUCTIONSREAD@player2@6666
Feb_08_22-12_18_30 | 6666INSTRUCTIONSREAD@player1@6666
Feb_08_22-12_18_30 | 6666image-1a.png|||image-1b.png6666
Feb_08_22-12_18_30 | 6666PICimage-1a.png@player1@6666
Feb_08_22-12_18_32 | 6666COORD[0, 0, 0, 0, 0, 0, 0, 0, 0, 0, 0, 0, 0, 0, 0, 0, 0, 0, 0, 0, 0, 0, 0, 0, 0, 0, 0, 0, 0, 0, 0, 0, 0, 0, 0, 0, 0, 0, 0, 0, 0, 0, 0, 0, 0, 0, 0, 0, 0, 0, 0, 0, 0, 0, 0, 0, 0, 0, 0, 0, 0, 0, 0, 0, 0, 0, 0, 0, 0, 0, 0, 0, 0, 0, 0, 0, 0, 0, 0, 0, 0, 0, 0, 0, 0, 0, 0, 0, 0, 0, 0, 0, 0, 0, 0, 0, 0, 0, 0, 0, 0, 1, 0, 0, 1, 0, 0, 0, 0, 0, 0, 0, 0, 0, 0, 0, 0, 0, 0, 0, 0, 0, 0, 0, 0, 0, 0, 0, 0, 0, 0, 0, 0, 0, 0, 0, 0, 0, 0, 0, 0, 0, 0, 0]@player1@Dessert@6666
Feb_08_22-12_18_36 | 6666GUESSDessert@player2@6666
Feb_08_22-12_19_14 | 6666NEXTROUND6666
Feb_08_22-12_19_14 | 6666image-1c.png|||image-1b.png6666
Feb_08_22-12_19_14 | 6666PICimage-1c.png@player2@6666
Feb_08_22-12_19_16 | 6666COORD[0, 0, 0, 0, 0, 0, 0, 0, 0, 0, 0, 0, 0, 0, 0, 0, 0, 0, 0, 0, 0, 0, 0, 0, 0, 0, 0, 0, 0, 0, 0, 0, 0, 0, 0, 0, 0, 0, 0, 0, 0, 0, 0, 0, 0, 0, 0, 0, 0, 0, 0, 0, 0, 0, 0, 0, 0, 0, 0, 0, 0, 1, 0, 0, 0, 0, 0, 0, 0, 0, 0, 0, 0, 0, 0, 0, 0, 0, 0, 0, 0, 0, 0, 0, 0, 0, 0, 0, 0, 0, 0, 0, 0, 0, 0, 0, 0, 0, 0, 1, 0, 0, 0, 0, 0, 0, 0, 0, 0, 0, 0, 0, 0, 0, 0, 0, 0, 0, 0, 0, 0, 0, 0, 0, 0, 0, 0, 0, 0, 0, 0, 0, 0, 0, 0, 0, 0, 0, 0, 0, 0, 0, 0, 0]@player2@Ice cream@6666
Feb_08_22-12_19_18 | 6666GUESSIce cream@player1@6666
Feb_08_22-12_19_20 | 6666NEXTROUND6666
Feb_08_22-12_19_20 | 6666image-1c.png|||image-1a.png6666
Feb_08_22-12_19_20 | 6666PICimage-1c.png@player1@6666
Feb_08_22-12_19_36 | 6666COORD[0, 0, 0, 0, 0, 0, 0, 0, 0, 0, 0, 0, 0, 0, 0, 0, 0, 0, 0, 0, 0, 0, 0, 0, 0, 0, 0, 0, 0, 0, 0, 0, 0, 0, 0, 0, 0, 0, 0, 0, 0, 0, 0, 0, 0, 0, 0, 0, 0, 0, 0, 0, 0, 0, 0, 0, 0, 0, 0, 0, 0, 0, 0, 0, 0, 0, 0, 0, 0, 0, 0, 0, 0, 0, 0, 0, 0, 0, 0, 0, 0, 0, 0, 0, 0, 0, 0, 0, 0, 0, 0, 0, 0, 0, 0, 0, 0, 0, 0, 0, 0, 0, 0, 0, 0, 0, 0, 0, 0, 0, 0, 0, 0, 0, 0, 0, 0, 0, 0, 0, 0, 0, 0, 0, 0, 0, 0, 0, 0, 0, 0, 0, 0, 0, 0, 0, 0, 0, 0, 0, 0, 0, 0, 0]@player1@Plant@6666
Feb_08_22-12_19_39 | 6666GUESSPet@player2@6666
